  1  13  23  13 1
  2  12  31  15 2
  3   6  35  14 1
  4  10  21   7 2
  5   8  29  18 1
  6  12  24  17 2
  7  11  28  12 1
  8  11  23   8 2
  9  14  24   0 1
 10   9  22   4 1
 11   9  33  11 1
 12  12  17   0 2
 13  10  16  11 1
 14   8  33   3 2
 15   5  33  19 1
 16  12  26  14 1
 17   7  28  10 2
 18   8  25  20 2
 19  11  24  10 1
 20   7  15  12 1
 21  10  17  18 2
 22   6  32  10 1
 23  10  31  18 2
 24  13  19  14 1
 25   8  18  18 2
 26   9  29  19 1
 27   5  33  12 1
 28   9  15   2 2
 29  12  19  12 2
 30   8  27  15 1
 31  11  33   5 2
 32   8  23   9 1
 33  10  34   8 2
 34   6  25   1 1
 35  15  29  10 2
 36   7  17  12 2
 37  12  20  16 1
 38  15  18  17 2
 39  11  25  12 1
 40  14  35   9 2
 41  13  32   9 2
 42  15  30   1 2
 43  10  26   1 1
 44   7  31  18 2
 45   7  30  12 1
 46  14  24  11 2
 47  12  23  12 1
 48  15  20  11 2
 49  13  28  20 2
 50  15  17   7 1